v 0.949096 1.166106 0.01603518
v 0.949096 -1.166106 0.01603518
v 0.949096 -1.166106 -0.01603518
v 0.949096 1.166106 -0.01603518
v 0.949096 1.166106 -0.01603518
v 0.949096 -1.166106 -0.01603518
v -0.949096 -1.166106 -0.01603518
v -0.949096 1.166106 -0.01603518
v -0.949096 1.166106 -0.01603518
v -0.949096 -1.166106 -0.01603518
v -0.949096 -1.166106 0.01603518
v -0.949096 1.166106 0.01603518
v -0.949096 1.166106 0.01603518
v -0.949096 -1.166106 0.01603518
v 0.949096 -1.166106 0.01603518
v 0.949096 1.166106 0.01603518
v 0.949096 -1.166106 0.01603518
v -0.949096 -1.166106 0.01603518
v -0.949096 -1.166106 -0.01603518
v 0.949096 -1.166106 -0.01603518
v -0.949096 1.166106 0.01603518
v 0.949096 1.166106 0.01603518
v 0.949096 1.166106 -0.01603518
v -0.949096 1.166106 -0.01603518
vn 0.7071068 0.7071068 -0.0001726335
vn 0.7071068 -0.7071068 -0.0001726335
vn 0.7071068 -0.7071068 -0.0001726335
vn 0.7071068 0.7071068 -0.0001726335
vn -0.000691209 -0.000691209 -0.9999995
vn -0.000691209 -0.000691209 -0.9999995
vn -0.000691209 -0.000691209 -0.9999995
vn -0.000691209 -0.000691209 -0.9999995
vn -0.7071068 0.7071068 -0.0001726335
vn -0.7071068 -0.7071068 -0.0001726335
vn -0.7071068 -0.7071068 -0.0001726335
vn -0.7071068 0.7071068 -0.0001726335
vn -0.000691209 -0.000691209 0.9999995
vn -0.000691209 -0.000691209 0.9999995
vn -0.000691209 -0.000691209 0.9999995
vn -0.000691209 -0.000691209 0.9999995
vn 0.7071068 -0.7071068 -0.0001726335
vn -0.7071068 -0.7071068 -0.0001726335
vn -0.7071068 -0.7071068 -0.0001726335
vn 0.7071068 -0.7071068 -0.0001726335
vn -0.7071068 0.7071068 -0.0001726335
vn 0.7071068 0.7071068 -0.0001726335
vn 0.7071068 0.7071068 -0.0001726335
vn -0.7071068 0.7071068 -0.0001726335
vt 0.06640518 1.3125
vt 0.06640518 0.02343467
vt 0.06640518 0.02343467
vt 0.06640518 1.3125
vt 0.06640518 1.3125
vt 0.06640518 0.02343467
vt 1.117186 0.02343467
vt 1.117186 1.3125
vt 1.117186 1.3125
vt 1.117186 0.02343467
vt 1.117186 0.02343467
vt 1.117186 1.3125
vt 1.117186 1.3125
vt 1.117186 0.02343467
vt 0.06640518 0.02343467
vt 0.06640518 1.3125
vt 0.06640518 0.02343467
vt 1.117186 0.02343467
vt 1.117186 0.02343467
vt 0.06640518 0.02343467
vt 1.117186 1.3125
vt 0.06640518 1.3125
vt 0.06640518 1.3125
vt 1.117186 1.3125
f 1/1/1 2/2/2 3/3/3
f 1/1/1 3/3/3 4/4/4
f 5/5/5 6/6/6 7/7/7
f 5/5/5 7/7/7 8/8/8
f 9/9/9 10/10/10 11/11/11
f 9/9/9 11/11/11 12/12/12
f 13/13/13 14/14/14 15/15/15
f 13/13/13 15/15/15 16/16/16
f 17/17/17 18/18/18 19/19/19
f 17/17/17 19/19/19 20/20/20
f 21/21/21 22/22/22 23/23/23
f 21/21/21 23/23/23 24/24/24
