v 0.8279414 0.4997393 0.06369527
v 0.8279414 -1.639443 0.06369527
v 0.8279414 -1.639443 0.03378822
v 0.8279414 0.4997393 0.03378822
v 0.8279414 0.4997393 0.03378822
v 0.8279414 -1.639443 0.03378822
v -0.8279415 -1.639443 0.03378822
v -0.8279415 0.4997393 0.03378822
v -0.8279415 0.4997393 0.03378822
v -0.8279415 -1.639443 0.03378822
v -0.8279415 -1.639443 0.06369527
v -0.8279415 0.4997393 0.06369527
v -0.8279415 0.4997393 0.06369527
v -0.8279415 -1.639443 0.06369527
v 0.8279414 -1.639443 0.06369527
v 0.8279414 0.4997393 0.06369527
v 0.8279414 -1.639443 0.06369527
v -0.8279415 -1.639443 0.06369527
v -0.8279415 -1.639443 0.03378822
v 0.8279414 -1.639443 0.03378822
v -0.8279415 0.4997393 0.06369527
v 0.8279414 0.4997393 0.06369527
v 0.8279414 0.4997393 0.03378822
v -0.8279415 0.4997393 0.03378822
v 0.8279414 1.680107 -0.03045165
v 0.8279414 -0.6184117 -0.03045165
v 0.8279414 -0.6184117 -0.06035871
v 0.8279414 1.680107 -0.06035871
v 0.8279414 1.680107 -0.06035871
v 0.8279414 -0.6184117 -0.06035871
v -0.8279415 -0.6184117 -0.06035871
v -0.8279415 1.680107 -0.06035871
v -0.8279415 1.680107 -0.06035871
v -0.8279415 -0.6184117 -0.06035871
v -0.8279415 -0.6184117 -0.03045165
v -0.8279415 1.680107 -0.03045165
v -0.8279415 1.680107 -0.03045165
v -0.8279415 -0.6184117 -0.03045165
v 0.8279414 -0.6184117 -0.03045165
v 0.8279414 1.680107 -0.03045165
v 0.8279414 -0.6184117 -0.03045165
v -0.8279415 -0.6184117 -0.03045165
v -0.8279415 -0.6184117 -0.06035871
v 0.8279414 -0.6184117 -0.06035871
v -0.8279415 1.680107 -0.03045165
v 0.8279414 1.680107 -0.03045165
v 0.8279414 1.680107 -0.06035871
v -0.8279415 1.680107 -0.06035871
vn 0.7071068 0.7071068 -0.0001726335
vn 0.7071068 -0.7071068 -0.0001726335
vn 0.7071068 -0.7071068 -0.0001726335
vn 0.7071068 0.7071068 -0.0001726335
vn -0.000691209 -0.000691209 -0.9999995
vn -0.000691209 -0.000691209 -0.9999995
vn -0.000691209 -0.000691209 -0.9999995
vn -0.000691209 -0.000691209 -0.9999995
vn -0.7071068 0.7071068 -0.0001726335
vn -0.7071068 -0.7071068 -0.0001726335
vn -0.7071068 -0.7071068 -0.0001726335
vn -0.7071068 0.7071068 -0.0001726335
vn -0.000691209 -0.000691209 0.9999995
vn -0.000691209 -0.000691209 0.9999995
vn -0.000691209 -0.000691209 0.9999995
vn -0.000691209 -0.000691209 0.9999995
vn 0.7071068 -0.7071068 -0.0001726335
vn -0.7071068 -0.7071068 -0.0001726335
vn -0.7071068 -0.7071068 -0.0001726335
vn 0.7071068 -0.7071068 -0.0001726335
vn -0.7071068 0.7071068 -0.0001726335
vn 0.7071068 0.7071068 -0.0001726335
vn 0.7071068 0.7071068 -0.0001726335
vn -0.7071068 0.7071068 -0.0001726335
vn 0.7071068 0.7071068 -0.0001726335
vn 0.7071068 -0.7071068 -0.0001726335
vn 0.7071068 -0.7071068 -0.0001726335
vn 0.7071068 0.7071068 -0.0001726335
vn -0.000691209 -0.000691209 -0.9999995
vn -0.000691209 -0.000691209 -0.9999995
vn -0.000691209 -0.000691209 -0.9999995
vn -0.000691209 -0.000691209 -0.9999995
vn -0.7071068 0.7071068 -0.0001726335
vn -0.7071068 -0.7071068 -0.0001726335
vn -0.7071068 -0.7071068 -0.0001726335
vn -0.7071068 0.7071068 -0.0001726335
vn -0.000691209 -0.000691209 0.9999995
vn -0.000691209 -0.000691209 0.9999995
vn -0.000691209 -0.000691209 0.9999995
vn -0.000691209 -0.000691209 0.9999995
vn 0.7071068 -0.7071068 -0.0001726335
vn -0.7071068 -0.7071068 -0.0001726335
vn -0.7071068 -0.7071068 -0.0001726335
vn 0.7071068 -0.7071068 -0.0001726335
vn -0.7071068 0.7071068 -0.0001726335
vn 0.7071068 0.7071068 -0.0001726335
vn 0.7071068 0.7071068 -0.0001726335
vn -0.7071068 0.7071068 -0.0001726335
vt 0.002786486 1.268754
vt 0.002786486 0.01186761
vt 0.002786486 0.01186761
vt 0.002786486 1.268754
vt 0.002786486 1.268754
vt 0.002786486 0.01186761
vt 0.9757214 0.01186761
vt 0.9757214 1.268754
vt 0.9757214 1.268754
vt 0.9757214 0.01186761
vt 0.9757214 0.01186761
vt 0.9757214 1.268754
vt 0.9757214 1.268754
vt 0.9757214 0.01186761
vt 0.002786486 0.01186761
vt 0.002786486 1.268754
vt 0.002786486 0.01186761
vt 0.9757214 0.01186761
vt 0.9757214 0.01186761
vt 0.002786486 0.01186761
vt 0.9757214 1.268754
vt 0.002786486 1.268754
vt 0.002786486 1.268754
vt 0.9757214 1.268754
vt 0.002786486 0.7299399
vt 0.002786486 -0.6205682
vt 0.002786486 -0.6205682
vt 0.002786486 0.7299399
vt 0.002786486 0.7299399
vt 0.002786486 -0.6205682
vt 0.9757214 -0.6205682
vt 0.9757214 0.7299399
vt 0.9757214 0.7299399
vt 0.9757214 -0.6205682
vt 0.9757214 -0.6205682
vt 0.9757214 0.7299399
vt 0.9757214 0.7299399
vt 0.9757214 -0.6205682
vt 0.002786486 -0.6205682
vt 0.002786486 0.7299399
vt 0.002786486 -0.6205682
vt 0.9757214 -0.6205682
vt 0.9757214 -0.6205682
vt 0.002786486 -0.6205682
vt 0.9757214 0.7299399
vt 0.002786486 0.7299399
vt 0.002786486 0.7299399
vt 0.9757214 0.7299399
f 1/1/1 2/2/2 3/3/3
f 1/1/1 3/3/3 4/4/4
f 5/5/5 6/6/6 7/7/7
f 5/5/5 7/7/7 8/8/8
f 9/9/9 10/10/10 11/11/11
f 9/9/9 11/11/11 12/12/12
f 13/13/13 14/14/14 15/15/15
f 13/13/13 15/15/15 16/16/16
f 17/17/17 18/18/18 19/19/19
f 17/17/17 19/19/19 20/20/20
f 21/21/21 22/22/22 23/23/23
f 21/21/21 23/23/23 24/24/24
f 25/25/25 26/26/26 27/27/27
f 25/25/25 27/27/27 28/28/28
f 29/29/29 30/30/30 31/31/31
f 29/29/29 31/31/31 32/32/32
f 33/33/33 34/34/34 35/35/35
f 33/33/33 35/35/35 36/36/36
f 37/37/37 38/38/38 39/39/39
f 37/37/37 39/39/39 40/40/40
f 41/41/41 42/42/42 43/43/43
f 41/41/41 43/43/43 44/44/44
f 45/45/45 46/46/46 47/47/47
f 45/45/45 47/47/47 48/48/48
