v 0.8414391 1.556087 0.07860903
v 0.8414391 0.05599878 0.07860903
v 0.8414391 0.05599878 0.02085467
v 0.8414391 1.556087 0.02085467
v 0.8414391 1.556087 0.02085467
v 0.8414391 0.05599878 0.02085467
v -0.8414391 0.05599878 0.02085467
v -0.8414391 1.556087 0.02085467
v -0.8414391 1.556087 0.02085467
v -0.8414391 0.05599878 0.02085467
v -0.8414391 0.05599878 0.07860903
v -0.8414391 1.556087 0.07860903
v -0.8414391 1.556087 0.07860903
v -0.8414391 0.05599878 0.07860903
v 0.8414391 0.05599878 0.07860903
v 0.8414391 1.556087 0.07860903
v 0.8414391 0.05599878 0.07860903
v -0.8414391 0.05599878 0.07860903
v -0.8414391 0.05599878 0.02085467
v 0.8414391 0.05599878 0.02085467
v -0.8414391 1.556087 0.07860903
v 0.8414391 1.556087 0.07860903
v 0.8414391 1.556087 0.02085467
v -0.8414391 1.556087 0.02085467
v 0.8414391 -0.05599878 -0.02085467
v 0.8414391 -1.556087 -0.02085467
v 0.8414391 -1.556087 -0.07860903
v 0.8414391 -0.05599878 -0.07860903
v 0.8414391 -0.05599878 -0.07860903
v 0.8414391 -1.556087 -0.07860903
v -0.8414391 -1.556087 -0.07860903
v -0.8414391 -0.05599878 -0.07860903
v -0.8414391 -0.05599878 -0.07860903
v -0.8414391 -1.556087 -0.07860903
v -0.8414391 -1.556087 -0.02085467
v -0.8414391 -0.05599878 -0.02085467
v -0.8414391 -0.05599878 -0.02085467
v -0.8414391 -1.556087 -0.02085467
v 0.8414391 -1.556087 -0.02085467
v 0.8414391 -0.05599878 -0.02085467
v 0.8414391 -1.556087 -0.02085467
v -0.8414391 -1.556087 -0.02085467
v -0.8414391 -1.556087 -0.07860903
v 0.8414391 -1.556087 -0.07860903
v -0.8414391 -0.05599878 -0.02085467
v 0.8414391 -0.05599878 -0.02085467
v 0.8414391 -0.05599878 -0.07860903
v -0.8414391 -0.05599878 -0.07860903
vn 0.7071068 0.7071068 -0.0001726335
vn 0.7071068 -0.7071068 -0.0001726335
vn 0.7071068 -0.7071068 -0.0001726335
vn 0.7071068 0.7071068 -0.0001726335
vn -0.000691209 -0.000691209 -0.9999995
vn -0.000691209 -0.000691209 -0.9999995
vn -0.000691209 -0.000691209 -0.9999995
vn -0.000691209 -0.000691209 -0.9999995
vn -0.7071068 0.7071068 -0.0001726335
vn -0.7071068 -0.7071068 -0.0001726335
vn -0.7071068 -0.7071068 -0.0001726335
vn -0.7071068 0.7071068 -0.0001726335
vn -0.000691209 -0.000691209 0.9999995
vn -0.000691209 -0.000691209 0.9999995
vn -0.000691209 -0.000691209 0.9999995
vn -0.000691209 -0.000691209 0.9999995
vn 0.7071068 -0.7071068 -0.0001726335
vn -0.7071068 -0.7071068 -0.0001726335
vn -0.7071068 -0.7071068 -0.0001726335
vn 0.7071068 -0.7071068 -0.0001726335
vn -0.7071068 0.7071068 -0.0001726335
vn 0.7071068 0.7071068 -0.0001726335
vn 0.7071068 0.7071068 -0.0001726335
vn -0.7071068 0.7071068 -0.0001726335
vn 0.7071068 0.7071068 -0.0001726335
vn 0.7071068 -0.7071068 -0.0001726335
vn 0.7071068 -0.7071068 -0.0001726335
vn 0.7071068 0.7071068 -0.0001726335
vn -0.000691209 -0.000691209 -0.9999995
vn -0.000691209 -0.000691209 -0.9999995
vn -0.000691209 -0.000691209 -0.9999995
vn -0.000691209 -0.000691209 -0.9999995
vn -0.7071068 0.7071068 -0.0001726335
vn -0.7071068 -0.7071068 -0.0001726335
vn -0.7071068 -0.7071068 -0.0001726335
vn -0.7071068 0.7071068 -0.0001726335
vn -0.000691209 -0.000691209 0.9999995
vn -0.000691209 -0.000691209 0.9999995
vn -0.000691209 -0.000691209 0.9999995
vn -0.000691209 -0.000691209 0.9999995
vn 0.7071068 -0.7071068 -0.0001726335
vn -0.7071068 -0.7071068 -0.0001726335
vn -0.7071068 -0.7071068 -0.0001726335
vn 0.7071068 -0.7071068 -0.0001726335
vn -0.7071068 0.7071068 -0.0001726335
vn 0.7071068 0.7071068 -0.0001726335
vn 0.7071068 0.7071068 -0.0001726335
vn -0.7071068 0.7071068 -0.0001726335
vt 0.002459591 1.824697
vt 0.002459591 0.9450924
vt 0.002459591 0.9450924
vt 0.002459591 1.824697
vt 0.002459591 1.824697
vt 0.002459591 0.9450924
vt 0.9892418 0.9450924
vt 0.9892418 1.824697
vt 0.9892418 1.824697
vt 0.9892418 0.9450924
vt 0.9892418 0.9450924
vt 0.9892418 1.824697
vt 0.9892418 1.824697
vt 0.9892418 0.9450924
vt 0.002459591 0.9450924
vt 0.002459591 1.824697
vt 0.002459591 0.9450924
vt 0.9892418 0.9450924
vt 0.9892418 0.9450924
vt 0.002459591 0.9450924
vt 0.9892418 1.824697
vt 0.002459591 1.824697
vt 0.002459591 1.824697
vt 0.9892418 1.824697
vt 0.002459591 0.8794183
vt 0.002459591 -0.0001857508
vt 0.002459591 -0.0001857508
vt 0.002459591 0.8794183
vt 0.002459591 0.8794183
vt 0.002459591 -0.0001857508
vt 0.9892418 -0.0001857508
vt 0.9892418 0.8794183
vt 0.9892418 0.8794183
vt 0.9892418 -0.0001857508
vt 0.9892418 -0.0001857508
vt 0.9892418 0.8794183
vt 0.9892418 0.8794183
vt 0.9892418 -0.0001857508
vt 0.002459591 -0.0001857508
vt 0.002459591 0.8794183
vt 0.002459591 -0.0001857508
vt 0.9892418 -0.0001857508
vt 0.9892418 -0.0001857508
vt 0.002459591 -0.0001857508
vt 0.9892418 0.8794183
vt 0.002459591 0.8794183
vt 0.002459591 0.8794183
vt 0.9892418 0.8794183
f 1/1/1 2/2/2 3/3/3
f 1/1/1 3/3/3 4/4/4
f 5/5/5 6/6/6 7/7/7
f 5/5/5 7/7/7 8/8/8
f 9/9/9 10/10/10 11/11/11
f 9/9/9 11/11/11 12/12/12
f 13/13/13 14/14/14 15/15/15
f 13/13/13 15/15/15 16/16/16
f 17/17/17 18/18/18 19/19/19
f 17/17/17 19/19/19 20/20/20
f 21/21/21 22/22/22 23/23/23
f 21/21/21 23/23/23 24/24/24
f 25/25/25 26/26/26 27/27/27
f 25/25/25 27/27/27 28/28/28
f 29/29/29 30/30/30 31/31/31
f 29/29/29 31/31/31 32/32/32
f 33/33/33 34/34/34 35/35/35
f 33/33/33 35/35/35 36/36/36
f 37/37/37 38/38/38 39/39/39
f 37/37/37 39/39/39 40/40/40
f 41/41/41 42/42/42 43/43/43
f 41/41/41 43/43/43 44/44/44
f 45/45/45 46/46/46 47/47/47
f 45/45/45 47/47/47 48/48/48
